022020200010222212222010002020220
222021121010002010200010121120222
212102102000012000210000201201212
122010110221000020000122011010221
011022200012221020122210002220110
012022222010202121202010222220210
111221001201110111011102100122111
002102102210010121010012201201200
010120111122001020100221111021010
010020222202220111022202222020010
210122220011120010021110022221012
112101101221000010000122101101211
201000022102201020102201220000102
221111001200110222011002100111122
201112000221102020201122000211102
201121021120202202202021120121102
111212200202002000200202002212111
201121021120202202202021120121102
201112000221102020201122000211102
221111001200110222011002100111122
201000022102201020102201220000102
112101101221000010000122101101211
210122220011120010021110022221012
010020222202220111022202222020010
010120111122001020100221111021010
002102102210010121010012201201200
111221001201110111011102100122111
012022222010202121202010222220210
011022200012221020122210002220110
122010110221000020000122011010221
212102102000012000210000201201212
222021121010002010200010121120222
022020200010222212222010002020220
