000012111022010101010220111210000
021112001120000202000021100211120
111111001111000101000111100111111
112220002122122000221221200022211
211112001220210000012022100211112
222200020221111212111122020002222
010101022001222111222100220101010
222002102210020121020012201200222
200010010002010121010200010010002
021111120020102111201020021111120
101011010222122010221222010110101
112021200001101000101100002120211
022002220012011010110210022200220
222222000021022121220120000222222
101212120012200000002210021212101
012020210112022101220211012020210
100022122100122121221001221220001
012020210112022101220211012020210
101212120012200000002210021212101
222222000021022121220120000222222
022002220012011010110210022200220
112021200001101000101100002120211
101011010222122010221222010110101
021111120020102111201020021111120
200010010002010121010200010010002
222002102210020121020012201200222
010101022001222111222100220101010
222200020221111212111122020002222
211112001220210000012022100211112
112220002122122000221221200022211
111111001111000101000111100111111
021112001120000202000021100211120
000012111022010101010220111210000
