222000210210112000211012012000222
220210001001211222112100100012022
212211002200122121221002200112212
201011122222112000211222221110102
110011101120100010001021101110011
102101101201122222221102101101201
211211112002212121212200211112112
110002022110112212211011220200011
022210220212001020100212022012220
222010211010222111222010112010222
202101121121010000010121121101202
220001101112002101200211101100022
112212212100020121020001212212211
002001202210012121210012202100200
011010101201202212202102101010110
121200212121121010121121212002121
000211002010020202020010200112000
121200212121121010121121212002121
011010101201202212202102101010110
002001202210012121210012202100200
112212212100020121020001212212211
220001101112002101200211101100022
202101121121010000010121121101202
222010211010222111222010112010222
022210220212001020100212022012220
110002022110112212211011220200011
211211112002212121212200211112112
102101101201122222221102101101201
110011101120100010001021101110011
201011122222112000211222221110102
212211002200122121221002200112212
220210001001211222112100100012022
222000210210112000211012012000222
