210110220010110222011010022011012
211022120100000111000001021220112
210022010121112010211121010220012
001122211201201010102102112221100
110202102011200000002110201202011
021120020102112222211201020021120
120121020221011020110122020121021
112012110220011000110022011210211
022022000122222222222221000220220
000112200111121101121111002211000
202212011211011222110112110212202
201112221212022111220212122211102
010122020112022000220211020221010
001222111221211202112122111222100
000102021120122202221021120201000
020002201010011111110010102200020
000200002020222222222020200002000
020002201010011111110010102200020
000102021120122202221021120201000
001222111221211202112122111222100
010122020112022000220211020221010
201112221212022111220212122211102
202212011211011222110112110212202
000112200111121101121111002211000
022022000122222222222221000220220
112012110220011000110022011210211
120121020221011020110122020121021
021120020102112222211201020021120
110202102011200000002110201202011
001122211201201010102102112221100
210022010121112010211121010220012
211022120100000111000001021220112
210110220010110222011010022011012
