010201121101002111200101121102010
020012010221010010010122010210020
010221102012201111102210201122010
122112011021101121101120110211221
212110201001201010102100102011212
222112211101102212201101112211222
002120001201020010020102100021200
100112021020000101000020120211001
022111120221111121111122021111220
020202012222211020112222210202020
221210100212100111001212001012122
212101121202112212211202121101212
010021210212021222120212012120010
200001010212212010212212010100002
201211222000122222221000222112102
210020111122200212002221111020012
201100111220002000200022111001102
210020111122200212002221111020012
201211222000122222221000222112102
200001010212212010212212010100002
010021210212021222120212012120010
212101121202112212211202121101212
221210100212100111001212001012122
020202012222211020112222210202020
022111120221111121111122021111220
100112021020000101000020120211001
002120001201020010020102100021200
222112211101102212201101112211222
212110201001201010102100102011212
122112011021101121101120110211221
010221102012201111102210201122010
020012010221010010010122010210020
010201121101002111200101121102010
