112102200021110000011120002201211
202000010100111020111001010000202
001222011212021222120212110222100
021011020022101020101220020110120
200120211020022222220020112021002
002220212220001222100022212022200
100101012012220010022210210101001
202000210111020212020111012000202
100201022100221202122001220102001
100122102120011121110021201221001
120022101120212000212021101220021
001101222211221121122112222101100
221000022212020222020212220000122
111010200210220202022012002010111
122000101002020121020200101000221
101022201121001121100121102220101
120112101222001020100222101211021
101022201121001121100121102220101
122000101002020121020200101000221
111010200210220202022012002010111
221000022212020222020212220000122
001101222211221121122112222101100
120022101120212000212021101220021
100122102120011121110021201221001
100201022100221202122001220102001
202000210111020212020111012000202
100101012012220010022210210101001
002220212220001222100022212022200
200120211020022222220020112021002
021011020022101020101220020110120
001222011212021222120212110222100
202000010100111020111001010000202
112102200021110000011120002201211
