000122020201011212110102020221000
012022101122112121211221101220210
102212000210020101020012000212201
220211110012111121111210011112022
001011222110201121102011222110100
221020000121212202212121000020122
110002222222120212021222222200011
111220210122000121000221012022111
102201021101020212020101120102201
210020121020212000212020121020012
202100122001000101000100221001202
011020221020121222121020122020110
111101221111020121020111122101111
002212200021101121101120002212200
002102000122012202210221000201200
021202010121100020001121010202120
002102122212122202221212221201200
021202010121100020001121010202120
002102000122012202210221000201200
002212200021101121101120002212200
111101221111020121020111122101111
011020221020121222121020122020110
202100122001000101000100221001202
210020121020212000212020121020012
102201021101020212020101120102201
111220210122000121000221012022111
110002222222120212021222222200011
221020000121212202212121000020122
001011222110201121102011222110100
220211110012111121111210011112022
102212000210020101020012000212201
012022101122112121211221101220210
000122020201011212110102020221000
