020211001012110212011210100112020
011002202112211121112211202200110
010021022211001222100112220120010
200200220212201020102212022002002
220022210200010212010002012220022
111111102020110010011020201111111
000210022000110000011000220012000
202122112102100010001201211221202
212010200210210020012012002010212
222101220001200101002100022101222
110211121000101010101000121112011
112212010000101101101000010212211
010121102122200202002221201121010
010112100201121010121102001211010
212120212220021000120022212021212
012120222221010000010122222021210
100021222100220202022001222120001
012120222221010000010122222021210
212120212220021000120022212021212
010112100201121010121102001211010
010121102122200202002221201121010
112212010000101101101000010212211
110211121000101010101000121112011
222101220001200101002100022101222
212010200210210020012012002010212
202122112102100010001201211221202
000210022000110000011000220012000
111111102020110010011020201111111
220022210200010212010002012220022
200200220212201020102212022002002
010021022211001222100112220120010
011002202112211121112211202200110
020211001012110212011210100112020
