020121120200222101222002021121020
222212001002020121020200100212222
100022010122010000010221010220001
220202002210102222201012200202022
121000011222011212110222110000121
000212201000001010100000102212000
012100012200112020211002210001210
021122221202010111010202122221120
022020212000220020022000212020220
112221212221220212022122212122211
001211220122011212110221022112100
010110102001111010111100201011010
021210002202111111111202200012120
102122010221100202001122010221201
212012002020010212010020200210212
210210002211021121120112200012012
010102121222222202222222121201010
210210002211021121120112200012012
212012002020010212010020200210212
102122010221100202001122010221201
021210002202111111111202200012120
010110102001111010111100201011010
001211220122011212110221022112100
112221212221220212022122212122211
022020212000220020022000212020220
021122221202010111010202122221120
012100012200112020211002210001210
000212201000001010100000102212000
121000011222011212110222110000121
220202002210102222201012200202022
100022010122010000010221010220001
222212001002020121020200100212222
020121120200222101222002021121020
