222012012101202111202101210210222
202122202011021212120110202221202
112022121212201010102212121220211
000021111121220010022121111120000
200122102111100212001111201221002
021121020011210121012110020121120
022011210121121202121121012110220
011110021022010212010220120011110
200221201222001010100222102122002
202020122122121111121221221020202
012222011222222010222222110222210
111211022210110212011012220112111
010012211011022101220110112210010
122121220100200000002001022121221
021121122100012212210001221121120
020120102212201020102212201021020
102210202001212010212100202012201
020120102212201020102212201021020
021121122100012212210001221121120
122121220100200000002001022121221
010012211011022101220110112210010
111211022210110212011012220112111
012222011222222010222222110222210
202020122122121111121221221020202
200221201222001010100222102122002
011110021022010212010220120011110
022011210121121202121121012110220
021121020011210121012110020121120
200122102111100212001111201221002
000021111121220010022121111120000
112022121212201010102212121220211
202122202011021212120110202221202
222012012101202111202101210210222
