200102221220022222220022122201002
012021012122100212001221210120210
020012222220211212112022222210020
210022210212201212102212012220012
220021201101111000111101102120022
100202022112021212120211220202001
112001101200020222020002101100211
000122211011022010220110112221000
002010221211000101000112122010200
020220122110200020002011221022020
022221210020202000202020012122220
201222200022222101222220002222102
002021101010201111102010101120200
000001201002000222000200102100000
010020221000211111112000122020010
001102111011101222101110111201100
210122200111112222211111002221012
001102111011101222101110111201100
010020221000211111112000122020010
000001201002000222000200102100000
002021101010201111102010101120200
201222200022222101222220002222102
022221210020202000202020012122220
020220122110200020002011221022020
002010221211000101000112122010200
000122211011022010220110112221000
112001101200020222020002101100211
100202022112021212120211220202001
220021201101111000111101102120022
210022210212201212102212012220012
020012222220211212112022222210020
012021012122100212001221210120210
200102221220022222220022122201002
