101001100101220020022101001100101
011201222011011212110110222102110
022111122000211111112000221111220
200122002021211202112120200221002
021200122121100202001121221002120
201110101121111101111121101011102
211111101012111020111210101111112
012112201100012020210001102211210
102201020020210000012020020102201
021020022002021010120200220020120
120001020122001121100221020100021
101121021200112101211002120121101
211112102012210212012210201211112
002200110001020121020100011002200
020010212102000000000201212010020
200121100112110202011211001121002
110000110211201010102112011000011
200121100112110202011211001121002
020010212102000000000201212010020
002200110001020121020100011002200
211112102012210212012210201211112
101121021200112101211002120121101
120001020122001121100221020100021
021020022002021010120200220020120
102201020020210000012020020102201
012112201100012020210001102211210
211111101012111020111210101111112
201110101121111101111121101011102
021200122121100202001121221002120
200122002021211202112120200221002
022111122000211111112000221111220
011201222011011212110110222102110
101001100101220020022101001100101
