202102212202011202110202212201202
001122100002020000020200001221100
002010200212102000201212002010200
111001220211001202100112022100111
101000102110120000021011201000101
222021212101012111210101212120222
002200221221000000000122122002200
012200101122110101011221101002210
012002200111002111200111002200210
011102101010001020100010101201110
002210211021220020022120112012200
101011021001102000201100120110101
221122210201201121102102012221122
222102201020101212101020102201222
000120022120121212121021220021000
020001202100012121210001202100020
212002120021101000101120021200212
020001202100012121210001202100020
000120022120121212121021220021000
222102201020101212101020102201222
221122210201201121102102012221122
101011021001102000201100120110101
002210211021220020022120112012200
011102101010001020100010101201110
012002200111002111200111002200210
012200101122110101011221101002210
002200221221000000000122122002200
222021212101012111210101212120222
101000102110120000021011201000101
111001220211001202100112022100111
002010200212102000201212002010200
001122100002020000020200001221100
202102212202011202110202212201202
