202220100010110202011010001022202
200220202101000101000101202022002
202022112211001020100112211220202
111020020200000010000002020020111
020021010011221212122110010120020
221201220010212212212010022102122
121210202101211020112101202012121
212020212010011020110010212020212
122210122001011212110100221012221
010020210221111222111122012020010
200001021221122101221122120100002
010122002201201111102102200221010
002201201122202111202221102102200
112110102222212202212222201011211
112120012201002202200102210021211
211210201221212202212122102012112
122020212110111010111011212020221
211210201221212202212122102012112
112120012201002202200102210021211
112110102222212202212222201011211
002201201122202111202221102102200
010122002201201111102102200221010
200001021221122101221122120100002
010020210221111222111122012020010
122210122001011212110100221012221
212020212010011020110010212020212
121210202101211020112101202012121
221201220010212212212010022102122
020021010011221212122110010120020
111020020200000010000002020020111
202022112211001020100112211220202
200220202101000101000101202022002
202220100010110202011010001022202
