011200020010111000111010020002110
101202222020021222120020222202101
121102022011110111011110220201121
220202020111021202120111020202022
102121112211010202010112211121201
100100020010101222101010020001001
010002001111111020111111100200010
211111211121122121221121112111112
011211110201210000012102011112110
011021020200212111212002020120110
002002201002200010002200102200200
101110010001222202222100010011101
102010020010110222011010020010201
100222222221022020220122222222001
002020011020110111011020110020200
002211101211111101111112101112200
210112122021221111122120221211012
002211101211111101111112101112200
002020011020110111011020110020200
100222222221022020220122222222001
102010020010110222011010020010201
101110010001222202222100010011101
002002201002200010002200102200200
011021020200212111212002020120110
011211110201210000012102011112110
211111211121122121221121112111112
010002001111111020111111100200010
100100020010101222101010020001001
102121112211010202010112211121201
220202020111021202120111020202022
121102022011110111011110220201121
101202222020021222120020222202101
011200020010111000111010020002110
