210010221201112101211102122010012
212011211122222020222221112110212
010221212102202212202201212122010
211210001101112010211101100012112
102112112110200202002011211211201
212222210211021212120112012222212
100011101010012212210010101110001
000100010001022101220100010001000
101210000100021111120001000012101
121211111210111121111012111112121
020022120212111101111212021220020
221211212210120222021012212112122
101210122200110010011002221012101
222012110111111121111111011210222
112011112210101020101012211110211
220011202201220222022102202110022
002021010111120121021111010120200
220011202201220222022102202110022
112011112210101020101012211110211
222012110111111121111111011210222
101210122200110010011002221012101
221211212210120222021012212112122
020022120212111101111212021220020
121211111210111121111012111112121
101210000100021111120001000012101
000100010001022101220100010001000
100011101010012212210010101110001
212222210211021212120112012222212
102112112110200202002011211211201
211210001101112010211101100012112
010221212102202212202201212122010
212011211122222020222221112110212
210010221201112101211102122010012
