102220020110221020122011020022201
221222202000010010010000202222122
101211111200020212020002111112101
011121002212022222220212200121110
220022220010210000012010022220022
001020200221120202021122002020100
012201120000020121020000021102210
201020012120002000200021210020102
122022200212121020121212002220221
001220001212101000101212100022100
001121100222121212121222001121100
220022112101222020222101211220022
122020001102022121220201100020221
120212121221112000211122121212021
210001222122122020221221222100012
202221220000121222121000022122202
110222211102220111022201112222011
202221220000121222121000022122202
210001222122122020221221222100012
120212121221112000211122121212021
122020001102022121220201100020221
220022112101222020222101211220022
001121100222121212121222001121100
001220001212101000101212100022100
122022200212121020121212002220221
201020012120002000200021210020102
012201120000020121020000021102210
001020200221120202021122002020100
220022220010210000012010022220022
011121002212022222220212200121110
101211111200020212020002111112101
221222202000010010010000202222122
102220020110221020122011020022201
