011212201110002010200011102212110
100110100100100010001001001011001
110011120021020202020120021110011
011021021022002212200220120120110
122222221002020212020200122222221
221001002000021101120000200100122
112122221200201121102002122221211
220120020212010010010212020021022
020022022000210101012000220220020
021110122020000222000020221011120
220001200201011010110102002100022
210100020100010222010001020001012
122111210001100222001100012111221
202112212121110212011121212211202
221202222102021222120201222202122
112120212001020000020100212021211
211000001020011101110020100000112
112120212001020000020100212021211
221202222102021222120201222202122
202112212121110212011121212211202
122111210001100222001100012111221
210100020100010222010001020001012
220001200201011010110102002100022
021110122020000222000020221011120
020022022000210101012000220220020
220120020212010010010212020021022
112122221200201121102002122221211
221001002000021101120000200100122
122222221002020212020200122222221
011021021022002212200220120120110
110011120021020202020120021110011
100110100100100010001001001011001
011212201110002010200011102212110
